"","month","year","creek","mean_daily_q_mm_day","pred_use_mm_day","farm_use_percentile","pred_monthly_use0.25cover","pred_monthly_use1cover","pred_monthly_use2.5cover","pred_monhtyly_use4.5cover"
"1",1,2016,"Dry Creek",22.8989326686801,4.94244502336565,0.5,0.0123561125584141,0.0494244502336565,0.123561125584141,0.222410026051454
"2",1,2016,"Dry Creek",22.8989326686801,5.9097539819951,0.75,0.0147743849549878,0.059097539819951,0.147743849549878,0.26593892918978
"3",1,2016,"Dry Creek",22.8989326686801,7.45485073303821,0.9,0.0186371268325955,0.0745485073303821,0.186371268325955,0.335468282986719
"4",1,2016,"Dry Creek",22.8989326686801,8.60104392506455,0.95,0.0215026098126614,0.0860104392506455,0.215026098126614,0.387046976627905
"5",1,2017,"Dry Creek",24.4375530357124,4.94244502336565,0.5,0.0123561125584141,0.0494244502336565,0.123561125584141,0.222410026051454
"6",1,2017,"Dry Creek",24.4375530357124,5.9097539819951,0.75,0.0147743849549878,0.059097539819951,0.147743849549878,0.26593892918978
"7",1,2017,"Dry Creek",24.4375530357124,7.45485073303821,0.9,0.0186371268325955,0.0745485073303821,0.186371268325955,0.335468282986719
"8",1,2017,"Dry Creek",24.4375530357124,8.60104392506455,0.95,0.0215026098126614,0.0860104392506455,0.215026098126614,0.387046976627905
"9",1,2018,"Dry Creek",10.6778402566654,4.94244502336565,0.5,0.0123561125584141,0.0494244502336565,0.123561125584141,0.222410026051454
"10",1,2018,"Dry Creek",10.6778402566654,5.9097539819951,0.75,0.0147743849549878,0.059097539819951,0.147743849549878,0.26593892918978
"11",1,2018,"Dry Creek",10.6778402566654,7.45485073303821,0.9,0.0186371268325955,0.0745485073303821,0.186371268325955,0.335468282986719
"12",1,2018,"Dry Creek",10.6778402566654,8.60104392506455,0.95,0.0215026098126614,0.0860104392506455,0.215026098126614,0.387046976627905
"13",1,2019,"Dry Creek",13.4235970003711,4.94244502336565,0.5,0.0123561125584141,0.0494244502336565,0.123561125584141,0.222410026051454
"14",1,2019,"Dry Creek",13.4235970003711,5.9097539819951,0.75,0.0147743849549878,0.059097539819951,0.147743849549878,0.26593892918978
"15",1,2019,"Dry Creek",13.4235970003711,7.45485073303821,0.9,0.0186371268325955,0.0745485073303821,0.186371268325955,0.335468282986719
"16",1,2019,"Dry Creek",13.4235970003711,8.60104392506455,0.95,0.0215026098126614,0.0860104392506455,0.215026098126614,0.387046976627905
"17",1,2019,"Elder",9.23589100839667,4.94244502336565,0.5,0.0123561125584141,0.0494244502336565,0.123561125584141,0.222410026051454
"18",1,2019,"Elder",9.23589100839667,5.9097539819951,0.75,0.0147743849549878,0.059097539819951,0.147743849549878,0.26593892918978
"19",1,2019,"Elder",9.23589100839667,7.45485073303821,0.9,0.0186371268325955,0.0745485073303821,0.186371268325955,0.335468282986719
"20",1,2019,"Elder",9.23589100839667,8.60104392506455,0.95,0.0215026098126614,0.0860104392506455,0.215026098126614,0.387046976627905
"21",1,2016,"Elder",14.9093808922098,4.94244502336565,0.5,0.0123561125584141,0.0494244502336565,0.123561125584141,0.222410026051454
"22",1,2016,"Elder",14.9093808922098,5.9097539819951,0.75,0.0147743849549878,0.059097539819951,0.147743849549878,0.26593892918978
"23",1,2016,"Elder",14.9093808922098,7.45485073303821,0.9,0.0186371268325955,0.0745485073303821,0.186371268325955,0.335468282986719
"24",1,2016,"Elder",14.9093808922098,8.60104392506455,0.95,0.0215026098126614,0.0860104392506455,0.215026098126614,0.387046976627905
"25",1,2017,"Elder",18.9989154649077,4.94244502336565,0.5,0.0123561125584141,0.0494244502336565,0.123561125584141,0.222410026051454
"26",1,2017,"Elder",18.9989154649077,5.9097539819951,0.75,0.0147743849549878,0.059097539819951,0.147743849549878,0.26593892918978
"27",1,2017,"Elder",18.9989154649077,7.45485073303821,0.9,0.0186371268325955,0.0745485073303821,0.186371268325955,0.335468282986719
"28",1,2017,"Elder",18.9989154649077,8.60104392506455,0.95,0.0215026098126614,0.0860104392506455,0.215026098126614,0.387046976627905
"29",1,2018,"Elder",4.3018177210242,4.94244502336565,0.5,0.0123561125584141,0.0494244502336565,0.123561125584141,0.222410026051454
"30",1,2018,"Elder",4.3018177210242,5.9097539819951,0.75,0.0147743849549878,0.059097539819951,0.147743849549878,0.26593892918978
"31",1,2018,"Elder",4.3018177210242,7.45485073303821,0.9,0.0186371268325955,0.0745485073303821,0.186371268325955,0.335468282986719
"32",1,2018,"Elder",4.3018177210242,8.60104392506455,0.95,0.0215026098126614,0.0860104392506455,0.215026098126614,0.387046976627905
"33",2,2016,"Dry Creek",4.45592329462027,6.00559203069398,0.5,0.0150139800767349,0.0600559203069398,0.150139800767349,0.270251641381229
"34",2,2016,"Dry Creek",4.45592329462027,7.18097444682613,0.75,0.0179524361170653,0.0718097444682613,0.179524361170653,0.323143850107176
"35",2,2016,"Dry Creek",4.45592329462027,9.05842997558724,0.9,0.0226460749389681,0.0905842997558724,0.226460749389681,0.407629348901426
"36",2,2016,"Dry Creek",4.45592329462027,10.4511756039406,0.95,0.0261279390098514,0.104511756039406,0.261279390098514,0.470302902177326
"37",2,2016,"Elder",4.74859213545778,6.00559203069398,0.5,0.0150139800767349,0.0600559203069398,0.150139800767349,0.270251641381229
"38",2,2016,"Elder",4.74859213545778,7.18097444682613,0.75,0.0179524361170653,0.0718097444682613,0.179524361170653,0.323143850107176
"39",2,2016,"Elder",4.74859213545778,9.05842997558724,0.9,0.0226460749389681,0.0905842997558724,0.226460749389681,0.407629348901426
"40",2,2016,"Elder",4.74859213545778,10.4511756039406,0.95,0.0261279390098514,0.104511756039406,0.261279390098514,0.470302902177326
"41",2,2017,"Elder",22.0651816621601,6.00559203069398,0.5,0.0150139800767349,0.0600559203069398,0.150139800767349,0.270251641381229
"42",2,2017,"Elder",22.0651816621601,7.18097444682613,0.75,0.0179524361170653,0.0718097444682613,0.179524361170653,0.323143850107176
"43",2,2017,"Elder",22.0651816621601,9.05842997558724,0.9,0.0226460749389681,0.0905842997558724,0.226460749389681,0.407629348901426
"44",2,2017,"Elder",22.0651816621601,10.4511756039406,0.95,0.0261279390098514,0.104511756039406,0.261279390098514,0.470302902177326
"45",2,2018,"Elder",1.77850266633892,6.00559203069398,0.5,0.0150139800767349,0.0600559203069398,0.150139800767349,0.270251641381229
"46",2,2018,"Elder",1.77850266633892,7.18097444682613,0.75,0.0179524361170653,0.0718097444682613,0.179524361170653,0.323143850107176
"47",2,2018,"Elder",1.77850266633892,9.05842997558724,0.9,0.0226460749389681,0.0905842997558724,0.226460749389681,0.407629348901426
"48",2,2018,"Elder",1.77850266633892,10.4511756039406,0.95,0.0261279390098514,0.104511756039406,0.261279390098514,0.470302902177326
"49",2,2019,"Elder",16.1536432294301,6.00559203069398,0.5,0.0150139800767349,0.0600559203069398,0.150139800767349,0.270251641381229
"50",2,2019,"Elder",16.1536432294301,7.18097444682613,0.75,0.0179524361170653,0.0718097444682613,0.179524361170653,0.323143850107176
"51",2,2019,"Elder",16.1536432294301,9.05842997558724,0.9,0.0226460749389681,0.0905842997558724,0.226460749389681,0.407629348901426
"52",2,2019,"Elder",16.1536432294301,10.4511756039406,0.95,0.0261279390098514,0.104511756039406,0.261279390098514,0.470302902177326
"53",2,2017,"Dry Creek",26.120006946214,6.00559203069398,0.5,0.0150139800767349,0.0600559203069398,0.150139800767349,0.270251641381229
"54",2,2017,"Dry Creek",26.120006946214,7.18097444682613,0.75,0.0179524361170653,0.0718097444682613,0.179524361170653,0.323143850107176
"55",2,2017,"Dry Creek",26.120006946214,9.05842997558724,0.9,0.0226460749389681,0.0905842997558724,0.226460749389681,0.407629348901426
"56",2,2017,"Dry Creek",26.120006946214,10.4511756039406,0.95,0.0261279390098514,0.104511756039406,0.261279390098514,0.470302902177326
"57",2,2018,"Dry Creek",0.269470363273234,6.00559203069398,0.5,0.0150139800767349,0.0600559203069398,0.150139800767349,0.270251641381229
"58",2,2018,"Dry Creek",0.269470363273234,7.18097444682613,0.75,0.0179524361170653,0.0718097444682613,0.179524361170653,0.323143850107176
"59",2,2018,"Dry Creek",0.269470363273234,9.05842997558724,0.9,0.0226460749389681,0.0905842997558724,0.226460749389681,0.407629348901426
"60",2,2018,"Dry Creek",0.269470363273234,10.4511756039406,0.95,0.0261279390098514,0.104511756039406,0.261279390098514,0.470302902177326
"61",2,2019,"Dry Creek",24.7506132764612,6.00559203069398,0.5,0.0150139800767349,0.0600559203069398,0.150139800767349,0.270251641381229
"62",2,2019,"Dry Creek",24.7506132764612,7.18097444682613,0.75,0.0179524361170653,0.0718097444682613,0.179524361170653,0.323143850107176
"63",2,2019,"Dry Creek",24.7506132764612,9.05842997558724,0.9,0.0226460749389681,0.0905842997558724,0.226460749389681,0.407629348901426
"64",2,2019,"Dry Creek",24.7506132764612,10.4511756039406,0.95,0.0261279390098514,0.104511756039406,0.261279390098514,0.470302902177326
"65",3,2016,"Elder",14.9588067262836,5.50312141026673,0.5,0.0137578035256668,0.0550312141026673,0.137578035256668,0.247640463462003
"66",3,2016,"Elder",14.9588067262836,6.58016295861189,0.75,0.0164504073965297,0.0658016295861189,0.164504073965297,0.296107333137535
"67",3,2016,"Elder",14.9588067262836,8.30053718056099,0.9,0.0207513429514025,0.0830053718056099,0.207513429514025,0.373524173125245
"68",3,2016,"Elder",14.9588067262836,9.57675578603308,0.95,0.0239418894650827,0.0957675578603308,0.239418894650827,0.430954010371488
"69",3,2016,"Dry Creek",25.3753760870395,5.50312141026673,0.5,0.0137578035256668,0.0550312141026673,0.137578035256668,0.247640463462003
"70",3,2016,"Dry Creek",25.3753760870395,6.58016295861189,0.75,0.0164504073965297,0.0658016295861189,0.164504073965297,0.296107333137535
"71",3,2016,"Dry Creek",25.3753760870395,8.30053718056099,0.9,0.0207513429514025,0.0830053718056099,0.207513429514025,0.373524173125245
"72",3,2016,"Dry Creek",25.3753760870395,9.57675578603308,0.95,0.0239418894650827,0.0957675578603308,0.239418894650827,0.430954010371488
"73",3,2017,"Elder",6.41428889527249,5.50312141026673,0.5,0.0137578035256668,0.0550312141026673,0.137578035256668,0.247640463462003
"74",3,2017,"Elder",6.41428889527249,6.58016295861189,0.75,0.0164504073965297,0.0658016295861189,0.164504073965297,0.296107333137535
"75",3,2017,"Elder",6.41428889527249,8.30053718056099,0.9,0.0207513429514025,0.0830053718056099,0.207513429514025,0.373524173125245
"76",3,2017,"Elder",6.41428889527249,9.57675578603308,0.95,0.0239418894650827,0.0957675578603308,0.239418894650827,0.430954010371488
"77",3,2018,"Elder",6.35632425980117,5.50312141026673,0.5,0.0137578035256668,0.0550312141026673,0.137578035256668,0.247640463462003
"78",3,2018,"Elder",6.35632425980117,6.58016295861189,0.75,0.0164504073965297,0.0658016295861189,0.164504073965297,0.296107333137535
"79",3,2018,"Elder",6.35632425980117,8.30053718056099,0.9,0.0207513429514025,0.0830053718056099,0.207513429514025,0.373524173125245
"80",3,2018,"Elder",6.35632425980117,9.57675578603308,0.95,0.0239418894650827,0.0957675578603308,0.239418894650827,0.430954010371488
"81",3,2019,"Elder",9.37056651984055,5.50312141026673,0.5,0.0137578035256668,0.0550312141026673,0.137578035256668,0.247640463462003
"82",3,2019,"Elder",9.37056651984055,6.58016295861189,0.75,0.0164504073965297,0.0658016295861189,0.164504073965297,0.296107333137535
"83",3,2019,"Elder",9.37056651984055,8.30053718056099,0.9,0.0207513429514025,0.0830053718056099,0.207513429514025,0.373524173125245
"84",3,2019,"Elder",9.37056651984055,9.57675578603308,0.95,0.0239418894650827,0.0957675578603308,0.239418894650827,0.430954010371488
"85",3,2017,"Dry Creek",8.67780044163277,5.50312141026673,0.5,0.0137578035256668,0.0550312141026673,0.137578035256668,0.247640463462003
"86",3,2017,"Dry Creek",8.67780044163277,6.58016295861189,0.75,0.0164504073965297,0.0658016295861189,0.164504073965297,0.296107333137535
"87",3,2017,"Dry Creek",8.67780044163277,8.30053718056099,0.9,0.0207513429514025,0.0830053718056099,0.207513429514025,0.373524173125245
"88",3,2017,"Dry Creek",8.67780044163277,9.57675578603308,0.95,0.0239418894650827,0.0957675578603308,0.239418894650827,0.430954010371488
"89",3,2018,"Dry Creek",13.8289525693944,5.50312141026673,0.5,0.0137578035256668,0.0550312141026673,0.137578035256668,0.247640463462003
"90",3,2018,"Dry Creek",13.8289525693944,6.58016295861189,0.75,0.0164504073965297,0.0658016295861189,0.164504073965297,0.296107333137535
"91",3,2018,"Dry Creek",13.8289525693944,8.30053718056099,0.9,0.0207513429514025,0.0830053718056099,0.207513429514025,0.373524173125245
"92",3,2018,"Dry Creek",13.8289525693944,9.57675578603308,0.95,0.0239418894650827,0.0957675578603308,0.239418894650827,0.430954010371488
"93",3,2019,"Dry Creek",9.34317796342114,5.50312141026673,0.5,0.0137578035256668,0.0550312141026673,0.137578035256668,0.247640463462003
"94",3,2019,"Dry Creek",9.34317796342114,6.58016295861189,0.75,0.0164504073965297,0.0658016295861189,0.164504073965297,0.296107333137535
"95",3,2019,"Dry Creek",9.34317796342114,8.30053718056099,0.9,0.0207513429514025,0.0830053718056099,0.207513429514025,0.373524173125245
"96",3,2019,"Dry Creek",9.34317796342114,9.57675578603308,0.95,0.0239418894650827,0.0957675578603308,0.239418894650827,0.430954010371488
"97",4,2016,"Elder",2.16398554120448,6.17264085969469,0.5,0.0154316021492367,0.0617264085969469,0.154316021492367,0.277768838686261
"98",4,2016,"Elder",2.16398554120448,7.38071718098049,0.75,0.0184517929524512,0.0738071718098049,0.184517929524512,0.332132273144122
"99",4,2016,"Elder",2.16398554120448,9.310395162745,0.9,0.0232759879068625,0.09310395162745,0.232759879068625,0.418967782323525
"100",4,2016,"Elder",2.16398554120448,10.7418807729558,0.95,0.0268547019323894,0.107418807729558,0.268547019323894,0.483384634783009
"101",4,2016,"Dry Creek",1.63853993206737,6.17264085969469,0.5,0.0154316021492367,0.0617264085969469,0.154316021492367,0.277768838686261
"102",4,2016,"Dry Creek",1.63853993206737,7.38071718098049,0.75,0.0184517929524512,0.0738071718098049,0.184517929524512,0.332132273144122
"103",4,2016,"Dry Creek",1.63853993206737,9.310395162745,0.9,0.0232759879068625,0.09310395162745,0.232759879068625,0.418967782323525
"104",4,2016,"Dry Creek",1.63853993206737,10.7418807729558,0.95,0.0268547019323894,0.107418807729558,0.268547019323894,0.483384634783009
"105",4,2017,"Dry Creek",7.07303285911503,6.17264085969469,0.5,0.0154316021492367,0.0617264085969469,0.154316021492367,0.277768838686261
"106",4,2017,"Dry Creek",7.07303285911503,7.38071718098049,0.75,0.0184517929524512,0.0738071718098049,0.184517929524512,0.332132273144122
"107",4,2017,"Dry Creek",7.07303285911503,9.310395162745,0.9,0.0232759879068625,0.09310395162745,0.232759879068625,0.418967782323525
"108",4,2017,"Dry Creek",7.07303285911503,10.7418807729558,0.95,0.0268547019323894,0.107418807729558,0.268547019323894,0.483384634783009
"109",4,2018,"Dry Creek",9.06147159436924,6.17264085969469,0.5,0.0154316021492367,0.0617264085969469,0.154316021492367,0.277768838686261
"110",4,2018,"Dry Creek",9.06147159436924,7.38071718098049,0.75,0.0184517929524512,0.0738071718098049,0.184517929524512,0.332132273144122
"111",4,2018,"Dry Creek",9.06147159436924,9.310395162745,0.9,0.0232759879068625,0.09310395162745,0.232759879068625,0.418967782323525
"112",4,2018,"Dry Creek",9.06147159436924,10.7418807729558,0.95,0.0268547019323894,0.107418807729558,0.268547019323894,0.483384634783009
"113",4,2019,"Dry Creek",3.70564730341702,6.17264085969469,0.5,0.0154316021492367,0.0617264085969469,0.154316021492367,0.277768838686261
"114",4,2019,"Dry Creek",3.70564730341702,7.38071718098049,0.75,0.0184517929524512,0.0738071718098049,0.184517929524512,0.332132273144122
"115",4,2019,"Dry Creek",3.70564730341702,9.310395162745,0.9,0.0232759879068625,0.09310395162745,0.232759879068625,0.418967782323525
"116",4,2019,"Dry Creek",3.70564730341702,10.7418807729558,0.95,0.0268547019323894,0.107418807729558,0.268547019323894,0.483384634783009
"117",4,2019,"Elder",6.04529472905127,6.17264085969469,0.5,0.0154316021492367,0.0617264085969469,0.154316021492367,0.277768838686261
"118",4,2019,"Elder",6.04529472905127,7.38071718098049,0.75,0.0184517929524512,0.0738071718098049,0.184517929524512,0.332132273144122
"119",4,2019,"Elder",6.04529472905127,9.310395162745,0.9,0.0232759879068625,0.09310395162745,0.232759879068625,0.418967782323525
"120",4,2019,"Elder",6.04529472905127,10.7418807729558,0.95,0.0268547019323894,0.107418807729558,0.268547019323894,0.483384634783009
"121",4,2017,"Elder",6.24937091978786,6.17264085969469,0.5,0.0154316021492367,0.0617264085969469,0.154316021492367,0.277768838686261
"122",4,2017,"Elder",6.24937091978786,7.38071718098049,0.75,0.0184517929524512,0.0738071718098049,0.184517929524512,0.332132273144122
"123",4,2017,"Elder",6.24937091978786,9.310395162745,0.9,0.0232759879068625,0.09310395162745,0.232759879068625,0.418967782323525
"124",4,2017,"Elder",6.24937091978786,10.7418807729558,0.95,0.0268547019323894,0.107418807729558,0.268547019323894,0.483384634783009
"125",4,2018,"Elder",6.76552594592811,6.17264085969469,0.5,0.0154316021492367,0.0617264085969469,0.154316021492367,0.277768838686261
"126",4,2018,"Elder",6.76552594592811,7.38071718098049,0.75,0.0184517929524512,0.0738071718098049,0.184517929524512,0.332132273144122
"127",4,2018,"Elder",6.76552594592811,9.310395162745,0.9,0.0232759879068625,0.09310395162745,0.232759879068625,0.418967782323525
"128",4,2018,"Elder",6.76552594592811,10.7418807729558,0.95,0.0268547019323894,0.107418807729558,0.268547019323894,0.483384634783009
"129",5,2017,"Dry Creek",0.109377707142657,10.2468427481206,0.5,0.0256171068703014,0.102468427481206,0.256171068703014,0.461107923665426
"130",5,2017,"Dry Creek",0.109377707142657,12.2523001160964,0.75,0.0306307502902411,0.122523001160964,0.306307502902411,0.551353505224339
"131",5,2017,"Dry Creek",0.109377707142657,15.4556465091716,0.9,0.0386391162729291,0.154556465091716,0.386391162729291,0.695504092912723
"132",5,2017,"Dry Creek",0.109377707142657,17.8319726680132,0.95,0.0445799316700331,0.178319726680132,0.445799316700331,0.802438770060596
"133",5,2016,"Dry Creek",0.538173793162581,10.2468427481206,0.5,0.0256171068703014,0.102468427481206,0.256171068703014,0.461107923665426
"134",5,2016,"Dry Creek",0.538173793162581,12.2523001160964,0.75,0.0306307502902411,0.122523001160964,0.306307502902411,0.551353505224339
"135",5,2016,"Dry Creek",0.538173793162581,15.4556465091716,0.9,0.0386391162729291,0.154556465091716,0.386391162729291,0.695504092912723
"136",5,2016,"Dry Creek",0.538173793162581,17.8319726680132,0.95,0.0445799316700331,0.178319726680132,0.445799316700331,0.802438770060596
"137",5,2016,"Elder",0.86677408835174,10.2468427481206,0.5,0.0256171068703014,0.102468427481206,0.256171068703014,0.461107923665426
"138",5,2016,"Elder",0.86677408835174,12.2523001160964,0.75,0.0306307502902411,0.122523001160964,0.306307502902411,0.551353505224339
"139",5,2016,"Elder",0.86677408835174,15.4556465091716,0.9,0.0386391162729291,0.154556465091716,0.386391162729291,0.695504092912723
"140",5,2016,"Elder",0.86677408835174,17.8319726680132,0.95,0.0445799316700331,0.178319726680132,0.445799316700331,0.802438770060596
"141",5,2017,"Elder",1.99024946648773,10.2468427481206,0.5,0.0256171068703014,0.102468427481206,0.256171068703014,0.461107923665426
"142",5,2017,"Elder",1.99024946648773,12.2523001160964,0.75,0.0306307502902411,0.122523001160964,0.306307502902411,0.551353505224339
"143",5,2017,"Elder",1.99024946648773,15.4556465091716,0.9,0.0386391162729291,0.154556465091716,0.386391162729291,0.695504092912723
"144",5,2017,"Elder",1.99024946648773,17.8319726680132,0.95,0.0445799316700331,0.178319726680132,0.445799316700331,0.802438770060596
"145",5,2018,"Elder",1.22916254428194,10.2468427481206,0.5,0.0256171068703014,0.102468427481206,0.256171068703014,0.461107923665426
"146",5,2018,"Elder",1.22916254428194,12.2523001160964,0.75,0.0306307502902411,0.122523001160964,0.306307502902411,0.551353505224339
"147",5,2018,"Elder",1.22916254428194,15.4556465091716,0.9,0.0386391162729291,0.154556465091716,0.386391162729291,0.695504092912723
"148",5,2018,"Elder",1.22916254428194,17.8319726680132,0.95,0.0445799316700331,0.178319726680132,0.445799316700331,0.802438770060596
"149",5,2019,"Elder",4.41775764972418,10.2468427481206,0.5,0.0256171068703014,0.102468427481206,0.256171068703014,0.461107923665426
"150",5,2019,"Elder",4.41775764972418,12.2523001160964,0.75,0.0306307502902411,0.122523001160964,0.306307502902411,0.551353505224339
"151",5,2019,"Elder",4.41775764972418,15.4556465091716,0.9,0.0386391162729291,0.154556465091716,0.386391162729291,0.695504092912723
"152",5,2019,"Elder",4.41775764972418,17.8319726680132,0.95,0.0445799316700331,0.178319726680132,0.445799316700331,0.802438770060596
"153",5,2018,"Dry Creek",0.143650848457046,10.2468427481206,0.5,0.0256171068703014,0.102468427481206,0.256171068703014,0.461107923665426
"154",5,2018,"Dry Creek",0.143650848457046,12.2523001160964,0.75,0.0306307502902411,0.122523001160964,0.306307502902411,0.551353505224339
"155",5,2018,"Dry Creek",0.143650848457046,15.4556465091716,0.9,0.0386391162729291,0.154556465091716,0.386391162729291,0.695504092912723
"156",5,2018,"Dry Creek",0.143650848457046,17.8319726680132,0.95,0.0445799316700331,0.178319726680132,0.445799316700331,0.802438770060596
"157",5,2019,"Dry Creek",6.60199079234595,10.2468427481206,0.5,0.0256171068703014,0.102468427481206,0.256171068703014,0.461107923665426
"158",5,2019,"Dry Creek",6.60199079234595,12.2523001160964,0.75,0.0306307502902411,0.122523001160964,0.306307502902411,0.551353505224339
"159",5,2019,"Dry Creek",6.60199079234595,15.4556465091716,0.9,0.0386391162729291,0.154556465091716,0.386391162729291,0.695504092912723
"160",5,2019,"Dry Creek",6.60199079234595,17.8319726680132,0.95,0.0445799316700331,0.178319726680132,0.445799316700331,0.802438770060596
"161",6,2016,"Elder",0.455370687189157,17.4743508847577,0.5,0.0436858772118942,0.174743508847577,0.436858772118942,0.786345789814095
"162",6,2016,"Elder",0.455370687189157,20.8943375668857,0.75,0.0522358439172143,0.208943375668857,0.522358439172143,0.940245190509857
"163",6,2016,"Elder",0.455370687189157,26.3571323275728,0.9,0.0658928308189321,0.263571323275728,0.658928308189321,1.18607095474078
"164",6,2016,"Elder",0.455370687189157,30.4095763961463,0.95,0.0760239409903659,0.304095763961463,0.760239409903659,1.36843093782659
"165",6,2017,"Elder",0.735137333911609,17.4743508847577,0.5,0.0436858772118942,0.174743508847577,0.436858772118942,0.786345789814095
"166",6,2017,"Elder",0.735137333911609,20.8943375668857,0.75,0.0522358439172143,0.208943375668857,0.522358439172143,0.940245190509857
"167",6,2017,"Elder",0.735137333911609,26.3571323275728,0.9,0.0658928308189321,0.263571323275728,0.658928308189321,1.18607095474078
"168",6,2017,"Elder",0.735137333911609,30.4095763961463,0.95,0.0760239409903659,0.304095763961463,0.760239409903659,1.36843093782659
"169",6,2016,"Dry Creek",0.0506181951454394,17.4743508847577,0.5,0.0436858772118942,0.174743508847577,0.436858772118942,0.786345789814095
"170",6,2016,"Dry Creek",0.0506181951454394,20.8943375668857,0.75,0.0522358439172143,0.208943375668857,0.522358439172143,0.940245190509857
"171",6,2016,"Dry Creek",0.0506181951454394,26.3571323275728,0.9,0.0658928308189321,0.263571323275728,0.658928308189321,1.18607095474078
"172",6,2016,"Dry Creek",0.0506181951454394,30.4095763961463,0.95,0.0760239409903659,0.304095763961463,0.760239409903659,1.36843093782659
"173",6,2017,"Dry Creek",0.0123046652294476,17.4743508847577,0.5,0.0436858772118942,0.174743508847577,0.436858772118942,0.786345789814095
"174",6,2017,"Dry Creek",0.0123046652294476,20.8943375668857,0.75,0.0522358439172143,0.208943375668857,0.522358439172143,0.940245190509857
"175",6,2017,"Dry Creek",0.0123046652294476,26.3571323275728,0.9,0.0658928308189321,0.263571323275728,0.658928308189321,1.18607095474078
"176",6,2017,"Dry Creek",0.0123046652294476,30.4095763961463,0.95,0.0760239409903659,0.304095763961463,0.760239409903659,1.36843093782659
"177",6,2018,"Elder",0.50474504106541,17.4743508847577,0.5,0.0436858772118942,0.174743508847577,0.436858772118942,0.786345789814095
"178",6,2018,"Elder",0.50474504106541,20.8943375668857,0.75,0.0522358439172143,0.208943375668857,0.522358439172143,0.940245190509857
"179",6,2018,"Elder",0.50474504106541,26.3571323275728,0.9,0.0658928308189321,0.263571323275728,0.658928308189321,1.18607095474078
"180",6,2018,"Elder",0.50474504106541,30.4095763961463,0.95,0.0760239409903659,0.304095763961463,0.760239409903659,1.36843093782659
"181",6,2019,"Elder",1.65653079763347,17.4743508847577,0.5,0.0436858772118942,0.174743508847577,0.436858772118942,0.786345789814095
"182",6,2019,"Elder",1.65653079763347,20.8943375668857,0.75,0.0522358439172143,0.208943375668857,0.522358439172143,0.940245190509857
"183",6,2019,"Elder",1.65653079763347,26.3571323275728,0.9,0.0658928308189321,0.263571323275728,0.658928308189321,1.18607095474078
"184",6,2019,"Elder",1.65653079763347,30.4095763961463,0.95,0.0760239409903659,0.304095763961463,0.760239409903659,1.36843093782659
"185",6,2018,"Dry Creek",0.0110654676926646,17.4743508847577,0.5,0.0436858772118942,0.174743508847577,0.436858772118942,0.786345789814095
"186",6,2018,"Dry Creek",0.0110654676926646,20.8943375668857,0.75,0.0522358439172143,0.208943375668857,0.522358439172143,0.940245190509857
"187",6,2018,"Dry Creek",0.0110654676926646,26.3571323275728,0.9,0.0658928308189321,0.263571323275728,0.658928308189321,1.18607095474078
"188",6,2018,"Dry Creek",0.0110654676926646,30.4095763961463,0.95,0.0760239409903659,0.304095763961463,0.760239409903659,1.36843093782659
"189",6,2019,"Dry Creek",0.0244573853429392,17.4743508847577,0.5,0.0436858772118942,0.174743508847577,0.436858772118942,0.786345789814095
"190",6,2019,"Dry Creek",0.0244573853429392,20.8943375668857,0.75,0.0522358439172143,0.208943375668857,0.522358439172143,0.940245190509857
"191",6,2019,"Dry Creek",0.0244573853429392,26.3571323275728,0.9,0.0658928308189321,0.263571323275728,0.658928308189321,1.18607095474078
"192",6,2019,"Dry Creek",0.0244573853429392,30.4095763961463,0.95,0.0760239409903659,0.304095763961463,0.760239409903659,1.36843093782659
"193",7,2016,"Elder",0.227808594098884,22.7821078936578,0.5,0.0569552697341446,0.227821078936578,0.569552697341446,1.0251948552146
"194",7,2016,"Elder",0.227808594098884,27.2409004462944,0.75,0.0681022511157359,0.272409004462944,0.681022511157359,1.22584052008325
"195",7,2016,"Elder",0.227808594098884,34.3629950213463,0.9,0.0859074875533657,0.343629950213463,0.859074875533657,1.54633477596058
"196",7,2016,"Elder",0.227808594098884,39.6463511020453,0.95,0.0991158777551133,0.396463511020453,0.991158777551133,1.78408579959204
"197",7,2017,"Elder",0.337984422035892,22.7821078936578,0.5,0.0569552697341446,0.227821078936578,0.569552697341446,1.0251948552146
"198",7,2017,"Elder",0.337984422035892,27.2409004462944,0.75,0.0681022511157359,0.272409004462944,0.681022511157359,1.22584052008325
"199",7,2017,"Elder",0.337984422035892,34.3629950213463,0.9,0.0859074875533657,0.343629950213463,0.859074875533657,1.54633477596058
"200",7,2017,"Elder",0.337984422035892,39.6463511020453,0.95,0.0991158777551133,0.396463511020453,0.991158777551133,1.78408579959204
"201",7,2016,"Dry Creek",7.53835649218367e-06,22.7821078936578,0.5,0.0569552697341446,0.227821078936578,0.569552697341446,1.0251948552146
"202",7,2016,"Dry Creek",7.53835649218367e-06,27.2409004462944,0.75,0.0681022511157359,0.272409004462944,0.681022511157359,1.22584052008325
"203",7,2016,"Dry Creek",7.53835649218367e-06,34.3629950213463,0.9,0.0859074875533657,0.343629950213463,0.859074875533657,1.54633477596058
"204",7,2016,"Dry Creek",7.53835649218367e-06,39.6463511020453,0.95,0.0991158777551133,0.396463511020453,0.991158777551133,1.78408579959204
"205",7,2017,"Dry Creek",8.61408516925846e-05,22.7821078936578,0.5,0.0569552697341446,0.227821078936578,0.569552697341446,1.0251948552146
"206",7,2017,"Dry Creek",8.61408516925846e-05,27.2409004462944,0.75,0.0681022511157359,0.272409004462944,0.681022511157359,1.22584052008325
"207",7,2017,"Dry Creek",8.61408516925846e-05,34.3629950213463,0.9,0.0859074875533657,0.343629950213463,0.859074875533657,1.54633477596058
"208",7,2017,"Dry Creek",8.61408516925846e-05,39.6463511020453,0.95,0.0991158777551133,0.396463511020453,0.991158777551133,1.78408579959204
"209",7,2018,"Dry Creek",0,22.7821078936578,0.5,0.0569552697341446,0.227821078936578,0.569552697341446,1.0251948552146
"210",7,2018,"Dry Creek",0,27.2409004462944,0.75,0.0681022511157359,0.272409004462944,0.681022511157359,1.22584052008325
"211",7,2018,"Dry Creek",0,34.3629950213463,0.9,0.0859074875533657,0.343629950213463,0.859074875533657,1.54633477596058
"212",7,2018,"Dry Creek",0,39.6463511020453,0.95,0.0991158777551133,0.396463511020453,0.991158777551133,1.78408579959204
"213",7,2019,"Dry Creek",0.00194105206424356,22.7821078936578,0.5,0.0569552697341446,0.227821078936578,0.569552697341446,1.0251948552146
"214",7,2019,"Dry Creek",0.00194105206424356,27.2409004462944,0.75,0.0681022511157359,0.272409004462944,0.681022511157359,1.22584052008325
"215",7,2019,"Dry Creek",0.00194105206424356,34.3629950213463,0.9,0.0859074875533657,0.343629950213463,0.859074875533657,1.54633477596058
"216",7,2019,"Dry Creek",0.00194105206424356,39.6463511020453,0.95,0.0991158777551133,0.396463511020453,0.991158777551133,1.78408579959204
"217",7,2019,"Elder",0.573020359401693,22.7821078936578,0.5,0.0569552697341446,0.227821078936578,0.569552697341446,1.0251948552146
"218",7,2019,"Elder",0.573020359401693,27.2409004462944,0.75,0.0681022511157359,0.272409004462944,0.681022511157359,1.22584052008325
"219",7,2019,"Elder",0.573020359401693,34.3629950213463,0.9,0.0859074875533657,0.343629950213463,0.859074875533657,1.54633477596058
"220",7,2019,"Elder",0.573020359401693,39.6463511020453,0.95,0.0991158777551133,0.396463511020453,0.991158777551133,1.78408579959204
"221",7,2018,"Elder",0.24271831216378,22.7821078936578,0.5,0.0569552697341446,0.227821078936578,0.569552697341446,1.0251948552146
"222",7,2018,"Elder",0.24271831216378,27.2409004462944,0.75,0.0681022511157359,0.272409004462944,0.681022511157359,1.22584052008325
"223",7,2018,"Elder",0.24271831216378,34.3629950213463,0.9,0.0859074875533657,0.343629950213463,0.859074875533657,1.54633477596058
"224",7,2018,"Elder",0.24271831216378,39.6463511020453,0.95,0.0991158777551133,0.396463511020453,0.991158777551133,1.78408579959204
"225",8,2017,"Dry Creek",0,24.5677876165568,0.5,0.0614194690413919,0.245677876165568,0.614194690413919,1.10555044274505
"226",8,2017,"Dry Creek",0,29.3760638731166,0.75,0.0734401596827915,0.293760638731166,0.734401596827915,1.32192287429025
"227",8,2017,"Dry Creek",0,37.0563938812813,0.9,0.0926409847032033,0.370563938812813,0.926409847032033,1.66753772465766
"228",8,2017,"Dry Creek",0,42.7538636105593,0.95,0.106884659026398,0.427538636105593,1.06884659026398,1.92392386247517
"229",8,2018,"Dry Creek",0,24.5677876165568,0.5,0.0614194690413919,0.245677876165568,0.614194690413919,1.10555044274505
"230",8,2018,"Dry Creek",0,29.3760638731166,0.75,0.0734401596827915,0.293760638731166,0.734401596827915,1.32192287429025
"231",8,2018,"Dry Creek",0,37.0563938812813,0.9,0.0926409847032033,0.370563938812813,0.926409847032033,1.66753772465766
"232",8,2018,"Dry Creek",0,42.7538636105593,0.95,0.106884659026398,0.427538636105593,1.06884659026398,1.92392386247517
"233",8,2016,"Dry Creek",0,24.5677876165568,0.5,0.0614194690413919,0.245677876165568,0.614194690413919,1.10555044274505
"234",8,2016,"Dry Creek",0,29.3760638731166,0.75,0.0734401596827915,0.293760638731166,0.734401596827915,1.32192287429025
"235",8,2016,"Dry Creek",0,37.0563938812813,0.9,0.0926409847032033,0.370563938812813,0.926409847032033,1.66753772465766
"236",8,2016,"Dry Creek",0,42.7538636105593,0.95,0.106884659026398,0.427538636105593,1.06884659026398,1.92392386247517
"237",8,2016,"Elder",0.125191580377543,24.5677876165568,0.5,0.0614194690413919,0.245677876165568,0.614194690413919,1.10555044274505
"238",8,2016,"Elder",0.125191580377543,29.3760638731166,0.75,0.0734401596827915,0.293760638731166,0.734401596827915,1.32192287429025
"239",8,2016,"Elder",0.125191580377543,37.0563938812813,0.9,0.0926409847032033,0.370563938812813,0.926409847032033,1.66753772465766
"240",8,2016,"Elder",0.125191580377543,42.7538636105593,0.95,0.106884659026398,0.427538636105593,1.06884659026398,1.92392386247517
"241",8,2017,"Elder",0.173759992734326,24.5677876165568,0.5,0.0614194690413919,0.245677876165568,0.614194690413919,1.10555044274505
"242",8,2017,"Elder",0.173759992734326,29.3760638731166,0.75,0.0734401596827915,0.293760638731166,0.734401596827915,1.32192287429025
"243",8,2017,"Elder",0.173759992734326,37.0563938812813,0.9,0.0926409847032033,0.370563938812813,0.926409847032033,1.66753772465766
"244",8,2017,"Elder",0.173759992734326,42.7538636105593,0.95,0.106884659026398,0.427538636105593,1.06884659026398,1.92392386247517
"245",8,2018,"Elder",0.122119005735358,24.5677876165568,0.5,0.0614194690413919,0.245677876165568,0.614194690413919,1.10555044274505
"246",8,2018,"Elder",0.122119005735358,29.3760638731166,0.75,0.0734401596827915,0.293760638731166,0.734401596827915,1.32192287429025
"247",8,2018,"Elder",0.122119005735358,37.0563938812813,0.9,0.0926409847032033,0.370563938812813,0.926409847032033,1.66753772465766
"248",8,2018,"Elder",0.122119005735358,42.7538636105593,0.95,0.106884659026398,0.427538636105593,1.06884659026398,1.92392386247517
"249",8,2019,"Elder",0.261090348031251,24.5677876165568,0.5,0.0614194690413919,0.245677876165568,0.614194690413919,1.10555044274505
"250",8,2019,"Elder",0.261090348031251,29.3760638731166,0.75,0.0734401596827915,0.293760638731166,0.734401596827915,1.32192287429025
"251",8,2019,"Elder",0.261090348031251,37.0563938812813,0.9,0.0926409847032033,0.370563938812813,0.926409847032033,1.66753772465766
"252",8,2019,"Elder",0.261090348031251,42.7538636105593,0.95,0.106884659026398,0.427538636105593,1.06884659026398,1.92392386247517
"253",9,2016,"Elder",0.0835967234805262,20.7394101695847,0.5,0.0518485254239618,0.207394101695847,0.518485254239618,0.933273457631312
"254",9,2016,"Elder",0.0835967234805262,24.7984168269959,0.75,0.0619960420674898,0.247984168269959,0.619960420674898,1.11592875721482
"255",9,2016,"Elder",0.0835967234805262,31.2819275428632,0.9,0.078204818857158,0.312819275428632,0.78204818857158,1.40768673942884
"256",9,2016,"Elder",0.0835967234805262,36.0915654104853,0.95,0.0902289135262133,0.360915654104853,0.902289135262133,1.62412044347184
"257",9,2017,"Elder",0.131136986361815,20.7394101695847,0.5,0.0518485254239618,0.207394101695847,0.518485254239618,0.933273457631312
"258",9,2017,"Elder",0.131136986361815,24.7984168269959,0.75,0.0619960420674898,0.247984168269959,0.619960420674898,1.11592875721482
"259",9,2017,"Elder",0.131136986361815,31.2819275428632,0.9,0.078204818857158,0.312819275428632,0.78204818857158,1.40768673942884
"260",9,2017,"Elder",0.131136986361815,36.0915654104853,0.95,0.0902289135262133,0.360915654104853,0.902289135262133,1.62412044347184
"261",9,2018,"Elder",0.0961666561131408,20.7394101695847,0.5,0.0518485254239618,0.207394101695847,0.518485254239618,0.933273457631312
"262",9,2018,"Elder",0.0961666561131408,24.7984168269959,0.75,0.0619960420674898,0.247984168269959,0.619960420674898,1.11592875721482
"263",9,2018,"Elder",0.0961666561131408,31.2819275428632,0.9,0.078204818857158,0.312819275428632,0.78204818857158,1.40768673942884
"264",9,2018,"Elder",0.0961666561131408,36.0915654104853,0.95,0.0902289135262133,0.360915654104853,0.902289135262133,1.62412044347184
"265",9,2019,"Elder",0.209107752862879,20.7394101695847,0.5,0.0518485254239618,0.207394101695847,0.518485254239618,0.933273457631312
"266",9,2019,"Elder",0.209107752862879,24.7984168269959,0.75,0.0619960420674898,0.247984168269959,0.619960420674898,1.11592875721482
"267",9,2019,"Elder",0.209107752862879,31.2819275428632,0.9,0.078204818857158,0.312819275428632,0.78204818857158,1.40768673942884
"268",9,2019,"Elder",0.209107752862879,36.0915654104853,0.95,0.0902289135262133,0.360915654104853,0.902289135262133,1.62412044347184
"269",9,2017,"Dry Creek",0,20.7394101695847,0.5,0.0518485254239618,0.207394101695847,0.518485254239618,0.933273457631312
"270",9,2017,"Dry Creek",0,24.7984168269959,0.75,0.0619960420674898,0.247984168269959,0.619960420674898,1.11592875721482
"271",9,2017,"Dry Creek",0,31.2819275428632,0.9,0.078204818857158,0.312819275428632,0.78204818857158,1.40768673942884
"272",9,2017,"Dry Creek",0,36.0915654104853,0.95,0.0902289135262133,0.360915654104853,0.902289135262133,1.62412044347184
"273",9,2018,"Dry Creek",0,20.7394101695847,0.5,0.0518485254239618,0.207394101695847,0.518485254239618,0.933273457631312
"274",9,2018,"Dry Creek",0,24.7984168269959,0.75,0.0619960420674898,0.247984168269959,0.619960420674898,1.11592875721482
"275",9,2018,"Dry Creek",0,31.2819275428632,0.9,0.078204818857158,0.312819275428632,0.78204818857158,1.40768673942884
"276",9,2018,"Dry Creek",0,36.0915654104853,0.95,0.0902289135262133,0.360915654104853,0.902289135262133,1.62412044347184
"277",9,2016,"Dry Creek",0,20.7394101695847,0.5,0.0518485254239618,0.207394101695847,0.518485254239618,0.933273457631312
"278",9,2016,"Dry Creek",0,24.7984168269959,0.75,0.0619960420674898,0.247984168269959,0.619960420674898,1.11592875721482
"279",9,2016,"Dry Creek",0,31.2819275428632,0.9,0.078204818857158,0.312819275428632,0.78204818857158,1.40768673942884
"280",9,2016,"Dry Creek",0,36.0915654104853,0.95,0.0902289135262133,0.360915654104853,0.902289135262133,1.62412044347184
"281",10,2018,"Elder",0.146762838487246,11.6207692992085,0.5,0.0290519232480212,0.116207692992085,0.290519232480212,0.522934618464381
"282",10,2018,"Elder",0.146762838487246,13.8951242381402,0.75,0.0347378105953506,0.138951242381402,0.347378105953506,0.625280590716311
"283",10,2018,"Elder",0.146762838487246,17.5279846551898,0.9,0.0438199616379744,0.175279846551898,0.438199616379744,0.78875930948354
"284",10,2018,"Elder",0.146762838487246,20.2229355537617,0.95,0.0505573388844042,0.202229355537617,0.505573388844042,0.910032099919276
"285",10,2016,"Elder",1.61792153092758,11.6207692992085,0.5,0.0290519232480212,0.116207692992085,0.290519232480212,0.522934618464381
"286",10,2016,"Elder",1.61792153092758,13.8951242381402,0.75,0.0347378105953506,0.138951242381402,0.347378105953506,0.625280590716311
"287",10,2016,"Elder",1.61792153092758,17.5279846551898,0.9,0.0438199616379744,0.175279846551898,0.438199616379744,0.78875930948354
"288",10,2016,"Elder",1.61792153092758,20.2229355537617,0.95,0.0505573388844042,0.202229355537617,0.505573388844042,0.910032099919276
"289",10,2017,"Elder",0.133504397227745,11.6207692992085,0.5,0.0290519232480212,0.116207692992085,0.290519232480212,0.522934618464381
"290",10,2017,"Elder",0.133504397227745,13.8951242381402,0.75,0.0347378105953506,0.138951242381402,0.347378105953506,0.625280590716311
"291",10,2017,"Elder",0.133504397227745,17.5279846551898,0.9,0.0438199616379744,0.175279846551898,0.438199616379744,0.78875930948354
"292",10,2017,"Elder",0.133504397227745,20.2229355537617,0.95,0.0505573388844042,0.202229355537617,0.505573388844042,0.910032099919276
"293",10,2016,"Dry Creek",5.73823201189152,11.6207692992085,0.5,0.0290519232480212,0.116207692992085,0.290519232480212,0.522934618464381
"294",10,2016,"Dry Creek",5.73823201189152,13.8951242381402,0.75,0.0347378105953506,0.138951242381402,0.347378105953506,0.625280590716311
"295",10,2016,"Dry Creek",5.73823201189152,17.5279846551898,0.9,0.0438199616379744,0.175279846551898,0.438199616379744,0.78875930948354
"296",10,2016,"Dry Creek",5.73823201189152,20.2229355537617,0.95,0.0505573388844042,0.202229355537617,0.505573388844042,0.910032099919276
"297",10,2017,"Dry Creek",0,11.6207692992085,0.5,0.0290519232480212,0.116207692992085,0.290519232480212,0.522934618464381
"298",10,2017,"Dry Creek",0,13.8951242381402,0.75,0.0347378105953506,0.138951242381402,0.347378105953506,0.625280590716311
"299",10,2017,"Dry Creek",0,17.5279846551898,0.9,0.0438199616379744,0.175279846551898,0.438199616379744,0.78875930948354
"300",10,2017,"Dry Creek",0,20.2229355537617,0.95,0.0505573388844042,0.202229355537617,0.505573388844042,0.910032099919276
"301",10,2018,"Dry Creek",0,11.6207692992085,0.5,0.0290519232480212,0.116207692992085,0.290519232480212,0.522934618464381
"302",10,2018,"Dry Creek",0,13.8951242381402,0.75,0.0347378105953506,0.138951242381402,0.347378105953506,0.625280590716311
"303",10,2018,"Dry Creek",0,17.5279846551898,0.9,0.0438199616379744,0.175279846551898,0.438199616379744,0.78875930948354
"304",10,2018,"Dry Creek",0,20.2229355537617,0.95,0.0505573388844042,0.202229355537617,0.505573388844042,0.910032099919276
"305",10,2019,"Elder",0.199713849626293,11.6207692992085,0.5,0.0290519232480212,0.116207692992085,0.290519232480212,0.522934618464381
"306",10,2019,"Elder",0.199713849626293,13.8951242381402,0.75,0.0347378105953506,0.138951242381402,0.347378105953506,0.625280590716311
"307",10,2019,"Elder",0.199713849626293,17.5279846551898,0.9,0.0438199616379744,0.175279846551898,0.438199616379744,0.78875930948354
"308",10,2019,"Elder",0.199713849626293,20.2229355537617,0.95,0.0505573388844042,0.202229355537617,0.505573388844042,0.910032099919276
"309",11,2016,"Dry Creek",8.58094850363553,4.23355790163748,0.5,0.0105838947540937,0.0423355790163748,0.105838947540937,0.190510105573687
"310",11,2016,"Dry Creek",8.58094850363553,5.06212725663696,0.75,0.0126553181415924,0.0506212725663696,0.126553181415924,0.227795726548663
"311",11,2016,"Dry Creek",8.58094850363553,6.38561320908536,0.9,0.0159640330227134,0.0638561320908536,0.159640330227134,0.287352594408841
"312",11,2016,"Dry Creek",8.58094850363553,7.3674097130355,0.95,0.0184185242825888,0.0736740971303551,0.184185242825888,0.331533437086598
"313",11,2017,"Dry Creek",5.43052191031088,4.23355790163748,0.5,0.0105838947540937,0.0423355790163748,0.105838947540937,0.190510105573687
"314",11,2017,"Dry Creek",5.43052191031088,5.06212725663696,0.75,0.0126553181415924,0.0506212725663696,0.126553181415924,0.227795726548663
"315",11,2017,"Dry Creek",5.43052191031088,6.38561320908536,0.9,0.0159640330227134,0.0638561320908536,0.159640330227134,0.287352594408841
"316",11,2017,"Dry Creek",5.43052191031088,7.3674097130355,0.95,0.0184185242825888,0.0736740971303551,0.184185242825888,0.331533437086598
"317",11,2018,"Dry Creek",3.14974320190516,4.23355790163748,0.5,0.0105838947540937,0.0423355790163748,0.105838947540937,0.190510105573687
"318",11,2018,"Dry Creek",3.14974320190516,5.06212725663696,0.75,0.0126553181415924,0.0506212725663696,0.126553181415924,0.227795726548663
"319",11,2018,"Dry Creek",3.14974320190516,6.38561320908536,0.9,0.0159640330227134,0.0638561320908536,0.159640330227134,0.287352594408841
"320",11,2018,"Dry Creek",3.14974320190516,7.3674097130355,0.95,0.0184185242825888,0.0736740971303551,0.184185242825888,0.331533437086598
"321",11,2016,"Elder",5.05290185352976,4.23355790163748,0.5,0.0105838947540937,0.0423355790163748,0.105838947540937,0.190510105573687
"322",11,2016,"Elder",5.05290185352976,5.06212725663696,0.75,0.0126553181415924,0.0506212725663696,0.126553181415924,0.227795726548663
"323",11,2016,"Elder",5.05290185352976,6.38561320908536,0.9,0.0159640330227134,0.0638561320908536,0.159640330227134,0.287352594408841
"324",11,2016,"Elder",5.05290185352976,7.3674097130355,0.95,0.0184185242825888,0.0736740971303551,0.184185242825888,0.331533437086598
"325",11,2017,"Elder",2.21540731485681,4.23355790163748,0.5,0.0105838947540937,0.0423355790163748,0.105838947540937,0.190510105573687
"326",11,2017,"Elder",2.21540731485681,5.06212725663696,0.75,0.0126553181415924,0.0506212725663696,0.126553181415924,0.227795726548663
"327",11,2017,"Elder",2.21540731485681,6.38561320908536,0.9,0.0159640330227134,0.0638561320908536,0.159640330227134,0.287352594408841
"328",11,2017,"Elder",2.21540731485681,7.3674097130355,0.95,0.0184185242825888,0.0736740971303551,0.184185242825888,0.331533437086598
"329",11,2018,"Elder",0.700455845034767,4.23355790163748,0.5,0.0105838947540937,0.0423355790163748,0.105838947540937,0.190510105573687
"330",11,2018,"Elder",0.700455845034767,5.06212725663696,0.75,0.0126553181415924,0.0506212725663696,0.126553181415924,0.227795726548663
"331",11,2018,"Elder",0.700455845034767,6.38561320908536,0.9,0.0159640330227134,0.0638561320908536,0.159640330227134,0.287352594408841
"332",11,2018,"Elder",0.700455845034767,7.3674097130355,0.95,0.0184185242825888,0.0736740971303551,0.184185242825888,0.331533437086598
"333",11,2019,"Elder",0.215054165232764,4.23355790163748,0.5,0.0105838947540937,0.0423355790163748,0.105838947540937,0.190510105573687
"334",11,2019,"Elder",0.215054165232764,5.06212725663696,0.75,0.0126553181415924,0.0506212725663696,0.126553181415924,0.227795726548663
"335",11,2019,"Elder",0.215054165232764,6.38561320908536,0.9,0.0159640330227134,0.0638561320908536,0.159640330227134,0.287352594408841
"336",11,2019,"Elder",0.215054165232764,7.3674097130355,0.95,0.0184185242825888,0.0736740971303551,0.184185242825888,0.331533437086598
"337",12,2016,"Dry Creek",13.6767052647071,3.85812590022421,0.5,0.00964531475056053,0.0385812590022421,0.0964531475056053,0.17361566551009
"338",12,2016,"Dry Creek",13.6767052647071,4.61321770785465,0.75,0.0115330442696366,0.0461321770785465,0.115330442696366,0.207594796853459
"339",12,2016,"Dry Creek",13.6767052647071,5.81933689893718,0.9,0.0145483422473429,0.0581933689893718,0.145483422473429,0.261870160452173
"340",12,2016,"Dry Creek",13.6767052647071,6.71406766881152,0.95,0.0167851691720288,0.0671406766881152,0.167851691720288,0.302133045096519
"341",12,2017,"Dry Creek",0.175903624683987,3.85812590022421,0.5,0.00964531475056053,0.0385812590022421,0.0964531475056053,0.17361566551009
"342",12,2017,"Dry Creek",0.175903624683987,4.61321770785465,0.75,0.0115330442696366,0.0461321770785465,0.115330442696366,0.207594796853459
"343",12,2017,"Dry Creek",0.175903624683987,5.81933689893718,0.9,0.0145483422473429,0.0581933689893718,0.145483422473429,0.261870160452173
"344",12,2017,"Dry Creek",0.175903624683987,6.71406766881152,0.95,0.0167851691720288,0.0671406766881152,0.167851691720288,0.302133045096519
"345",12,2018,"Dry Creek",6.70065949781921,3.85812590022421,0.5,0.00964531475056053,0.0385812590022421,0.0964531475056053,0.17361566551009
"346",12,2018,"Dry Creek",6.70065949781921,4.61321770785465,0.75,0.0115330442696366,0.0461321770785465,0.115330442696366,0.207594796853459
"347",12,2018,"Dry Creek",6.70065949781921,5.81933689893718,0.9,0.0145483422473429,0.0581933689893718,0.145483422473429,0.261870160452173
"348",12,2018,"Dry Creek",6.70065949781921,6.71406766881152,0.95,0.0167851691720288,0.0671406766881152,0.167851691720288,0.302133045096519
"349",12,2015,"Dry Creek",17.6834707134456,3.85812590022421,0.5,0.00964531475056053,0.0385812590022421,0.0964531475056053,0.17361566551009
"350",12,2015,"Dry Creek",17.6834707134456,4.61321770785465,0.75,0.0115330442696366,0.0461321770785465,0.115330442696366,0.207594796853459
"351",12,2015,"Dry Creek",17.6834707134456,5.81933689893718,0.9,0.0145483422473429,0.0581933689893718,0.145483422473429,0.261870160452173
"352",12,2015,"Dry Creek",17.6834707134456,6.71406766881152,0.95,0.0167851691720288,0.0671406766881152,0.167851691720288,0.302133045096519
"353",12,2015,"Elder",9.38210788404194,3.85812590022421,0.5,0.00964531475056053,0.0385812590022421,0.0964531475056053,0.17361566551009
"354",12,2015,"Elder",9.38210788404194,4.61321770785465,0.75,0.0115330442696366,0.0461321770785465,0.115330442696366,0.207594796853459
"355",12,2015,"Elder",9.38210788404194,5.81933689893718,0.9,0.0145483422473429,0.0581933689893718,0.145483422473429,0.261870160452173
"356",12,2015,"Elder",9.38210788404194,6.71406766881152,0.95,0.0167851691720288,0.0671406766881152,0.167851691720288,0.302133045096519
"357",12,2016,"Elder",10.7520881739388,3.85812590022421,0.5,0.00964531475056053,0.0385812590022421,0.0964531475056053,0.17361566551009
"358",12,2016,"Elder",10.7520881739388,4.61321770785465,0.75,0.0115330442696366,0.0461321770785465,0.115330442696366,0.207594796853459
"359",12,2016,"Elder",10.7520881739388,5.81933689893718,0.9,0.0145483422473429,0.0581933689893718,0.145483422473429,0.261870160452173
"360",12,2016,"Elder",10.7520881739388,6.71406766881152,0.95,0.0167851691720288,0.0671406766881152,0.167851691720288,0.302133045096519
"361",12,2017,"Elder",1.03064921842949,3.85812590022421,0.5,0.00964531475056053,0.0385812590022421,0.0964531475056053,0.17361566551009
"362",12,2017,"Elder",1.03064921842949,4.61321770785465,0.75,0.0115330442696366,0.0461321770785465,0.115330442696366,0.207594796853459
"363",12,2017,"Elder",1.03064921842949,5.81933689893718,0.9,0.0145483422473429,0.0581933689893718,0.145483422473429,0.261870160452173
"364",12,2017,"Elder",1.03064921842949,6.71406766881152,0.95,0.0167851691720288,0.0671406766881152,0.167851691720288,0.302133045096519
"365",12,2018,"Elder",2.74752275315842,3.85812590022421,0.5,0.00964531475056053,0.0385812590022421,0.0964531475056053,0.17361566551009
"366",12,2018,"Elder",2.74752275315842,4.61321770785465,0.75,0.0115330442696366,0.0461321770785465,0.115330442696366,0.207594796853459
"367",12,2018,"Elder",2.74752275315842,5.81933689893718,0.9,0.0145483422473429,0.0581933689893718,0.145483422473429,0.261870160452173
"368",12,2018,"Elder",2.74752275315842,6.71406766881152,0.95,0.0167851691720288,0.0671406766881152,0.167851691720288,0.302133045096519
